Generation N dN
0 0.99999999999999967 0
1 2.9998340557245546 -0.00039781026297280864
2 7.7314204501602068 -0.00047290697646851232
3 13.601245635022448 -0.001109617222213477
4 19.773350910765526 -0.0016200263267044379
5 25.823752767874719 -0.0016200263266369364
6 31.538118542247851 -0.0016200263266333836
7 36.815119230182077 -0.0016200263265516712
8 41.616798199116985 -0.0016200263265232495
9 45.942111721639208 -0.0016200263266440418
10 49.811665296244726 -0.001620026326764834
11 53.258519595638845 -0.00162002632686431
12 56.322429017299619 -0.0016200263268358883
13 59.045918236047797 -0.0016200263268785209
14 61.471338599480212 -0.0016200263270916837
15 63.638603030133559 -0.0016200263275109039
16 65.583611677643361 -0.0016200263275109039
17 67.33745421994351 -0.0016200263276245908
18 68.926354656466231 -0.0016200263278235427
19 70.372144208184764 -0.001620026327596169
20 71.692964866982621 -0.0016200263275251148
21 72.903969047137252 -0.0016200263278093319
22 74.017907975854129 -0.0016200263276103799
23 75.045595235691607 -0.0016200263280224947
24 75.996267283968223 -0.0016200263279798621
25 76.877865601805212 -0.0016200263279656513
26 77.697259687320752 -0.0016200263280224947
27 78.4604249809029 -0.0016200263281219707
28 79.172586086538473 -0.001620026328093549
29 79.838333001159299 -0.0016200263279372296
30 80.461716154468547 -0.0016200263282214467
31 81.046324670081248 -0.0016200263283067118
32 81.595351233284745 -0.0016200263282640792
33 82.111646187165007 -0.0016200263280651273
34 82.597762904671711 -0.0016200263282640792
35 83.05599604853245 -0.0016200263284061878
36 83.488413997307561 -0.0016200263282072358
37 83.89688645840414 -0.0016200263282072358
38 84.283108088488063 -0.0016200263281361815
39 84.648618784710791 -0.0016200263280224947
40 84.994821186300868 -0.001620026327596169
41 85.322995827715829 -0.0016200263274398496
42 85.634314306049774 -0.0016200263274114279
43 85.92985076232695 -0.0016200263273972171
44 86.21059192544638 -0.0016200263272693194
45 86.477445926260302 -0.0016200263272693194
46 86.731250055595211 -0.0016200263270987891
47 86.972777612461272 -0.0016200263275535365
48 87.204856357418819 0.00049236509496075609
49 87.426103485739787 0.0026742111479806097
50 87.637133626407419 0.0049252732881982508
51 87.838517888988562 0.0072453187427371502
52 88.030787667590602 0.0096341132607066227
53 88.214438052660071 0.012091419844840412
54 88.389930894318908 0.014616998362957712
55 88.55769755766606 0.017210605341905771
56 88.718141405743296 0.019871993827355605
57 88.871640041303039 0.022600913270285683
58 89.018547334495821 0.025397109434042942
59 89.159195260126566 0.028260324315273588
60 89.293895565182993 0.031190296086440195
61 89.422941284785267 0.034186759051142768
62 89.546608122489459 0.037249443587005326
63 89.665155709024731 0.040378076102887017
64 89.778828751939216 0.04357237908836431
65 89.887858087177946 0.04683207130360223
66 89.992340125401768 0.050035351195181543
67 90.092481230270863 0.053184926567472313
68 90.188474858261472 0.05627916641434616
69 90.280504006373064 0.059316447046971699
70 90.368741897406679 0.06229515079508452
71 90.453352608235036 0.065213661852472238
72 90.534491650897692 0.06807036399961397
73 90.61230651062958 0.070863639903696263
74 90.686937144868836 0.073591872065141284
75 90.758516446828324 0.076253445444653845
76 90.827170676817687 0.07884675173537381
77 90.893019864135908 0.081370195177815741
78 90.956178181993053 0.083822199747506043
79 91.016754297608273 0.086201217471700953
80 91.074851699343384 0.088505737577155297
81 91.130569002496244 0.090734296125522529
82 91.184000235149256 0.092885485762200015
83 91.23316262587187 0.092885485762342124
84 91.280292062731888 0.092885485762313702
85 91.325471780209313 0.092885485762242648
86 91.368781277451163 0.092885485762242648
87 91.410296519391679 0.092885485762029485
88 91.450090124791487 0.092885485761958431
89 91.488231542276026 0.092885485762313702
90 91.524787215293429 0.09288548576211475
91 91.559820736790599 0.092885485762171593
92 91.593392994293637 0.092885485761986852
93 91.625562306093514 0.092885485762214226
94 91.656384549135467 0.092885485761958431
95 91.685913279206787 0.092885485762001063
96 91.714199843929293 0.092885485762143172
97 91.741293489058549 0.092885485762086328
98 91.767241458537072 0.092885485761844744
99 91.792089088724993 0.092885485761660003
100 91.815879897192403 0.092885485761660003
101 91.838655666441412 0.092885485761318942
102 91.86045652289458 0.09288548576144684
103 91.881321011453053 0.092885485761304731
104 91.901286165931296 0.092885485761191044
105 91.920387575622129 0.092885485761148412
106 91.938659448256132 0.092885485760992093
107 91.956134669582084 0.092885485760764719
108 91.972844859788239 0.092885485760693665
109 91.988820426968303 0.092885485760494713
110 92.00409061781707 0.092885485760466291
111 92.018683565732303 0.092885485760381026
112 92.032626336487297 0.092885485760210496
113 92.045944971621665 0.09288548576028155
114 92.058664529691711 0.092885485760309972
115 92.070809125513875 0.092885485760267339
116 92.082401967518535 0.092885485760565767
117 92.09346539332941 0.092885485760693665
118 92.104020903673486 0.092885485760864195
119 92.114089194718218 0.092885485761162623
120 92.12369018892467 0.09288548576144684
121 92.132843064504428 0.092885485761745268
122 92.141566283555335 0.092885485761759479
123 92.149877618953994 0.092885485761816322
124 92.157794180065395 0.092885485761844744
125 92.16533243733997 0.092885485761631581
126 92.172508245853734 0.092885485761574738
127 92.179336867848974 0.092885485761631581
128 92.185832994321004 0.092885485761176834
129 92.192010765715509 0.092885485761247888
130 92.197883791758315 0.092885485761333153
131 92.203465170481039 0.092885485761191044
132 92.208767506476207 0.092885485761461051
133 92.213802928412704 0.092885485761532105
134 92.218583105858769 0.092885485761574738
135 92.223119265439976 0.092885485761517894
136 92.227422206366796 0.092885485761418418
137 92.231502315359194 0.092885485761347364
138 92.235369581001564 0.09288548576144684
139 92.239033607549587 0.092885485761361575
140 92.242503628223389 0.092885485761375786
141 92.24578851800122 0.092885485761219466
142 92.24889680594768 0.092885485761404207
143 92.251836687085856 0.09288548576111999
144 92.254616033851747 0.092885485761134201
145 92.257242407131614 0.092885485761233677
146 92.259723066915825 0.092885485761219466
147 92.262064982581634 0.092885485761389996
148 92.264274842818082 0.092885485760977882
149 92.266359065220513 0.092885485760906827
150 92.268323805553734 0.092885485760878406
151 92.270174966713384 0.092885485760693665
152 92.271918207390542 0.092885485760821562
153 92.273558950454884 0.092885485760764719
154 92.275102391068387 0.092885485760508923
155 92.276553504543728 0.092885485760551556
156 92.277917053949352 0.092885485760381026
157 92.27919759748707 0.09288548576028155
158 92.280399495635379 0.092885485760423658
159 92.28152691807675 0.092885485760324182
160 92.282583850419627 0.092885485760409447
161 92.283574100714404 0.092885485760324182
162 92.284501305779415 0.092885485760167863
163 92.285368937339229 0.092885485760153652
164 92.286180307984495 0.092885485760153652
165 92.286938576957894 0.092885485760139441
166 92.287646755774134 0.092885485760423658
167 92.288307713677924 0.092885485760665243
168 92.288924182944854 0.092885485760821562
169 92.289498764033056 0.092885485760693665
170 92.290033930587853 0.092885485760636821
171 92.290532034301464 0.092885485760437869
172 92.290995309638106 0.092885485760352604
173 92.291425878421919 0.092885485760238917
174 92.291825754295971 0.09288548576045208
175 92.292196847050349 0.092885485760324182
176 92.292540966832235 0.092885485760338393
177 92.292859828225957 0.092885485760224706
178 92.293155054221074 0.09288548576012523
179 92.293428180062662 0.092885485760437869
180 92.293680656982886 0.092885485760395237
181 92.293913855829459 0.092885485760324182
182 92.294129070578578 0.092885485760309972
183 92.294327521741664 0.09288548576028155
184 92.294510359670937 0.092885485760807351
185 92.294678667753061 0.092885485760892617
186 92.294833465510706 0.092885485760807351
187 92.294975711599037 0.092885485760963671
188 92.295106306704056 0.092885485760992093
