Generation N dN
0 1.0000000000000004 0
1 2.9984976663158722 -0.0016477034888687792
2 7.728144541675622 -0.0018791688284128805
3 13.59573451395876 -0.0018791688283968933
4 19.765210828518249 -0.0018791688283578134
5 25.81257973975891 -0.0018791688283649188
6 31.524177191241442 -0.0018791688283649188
7 36.798756172893661 -0.0018791688283684715
8 41.598400637941829 -0.001879168828226363
9 45.922062365660736 -0.001879168828176625
10 49.790305999514153 -0.0018791688281553087
11 53.236136895819385 -0.0018791688281339924
12 56.299254220138891 -0.0018791688282192576
13 59.022131667045322 -0.0018791688282121521
14 61.447075421258255 -0.0018791688284395258
15 63.613961364904121 -0.0018791688283826824
16 65.558662380043884 -0.0018791688285034747
17 67.312250067136745 -0.0018791688284466312
18 68.900937092474237 -0.0018791688282476793
19 70.346547317997647 -0.0018791688282903118
20 71.667217414933376 -0.0018791688283045227
21 72.878095571743117 -0.0018791688279918839
22 73.991929514869696 -0.0018791688281197816
23 75.019529880755755 -0.0018791688281339924
24 75.970130619038471 -0.0018791688281197816
25 76.851671053626333 -0.0018791688279066188
26 77.671018813806768 -0.0018791688280060947
27 78.434147718441878 -0.0018791688281197816
28 79.14628096901059 -0.0018791688279208296
29 79.812007355864623 -0.0018791688277502994
30 80.435376275833789 -0.0018791688280487273
31 81.0199759709962 -0.0018791688280913599
32 81.568998374639023 -0.0018791688281482033
33 82.085293187068913 -0.0018791688279492513
34 82.571413229334112 -0.0018791688279208296
35 83.02965268680633 -0.0018791688277360885
36 83.462079520791391 -0.0018791688278213536
37 83.870563068800578 -0.0018791688277787211
38 84.256797653775294 -0.0018791688279350405
39 84.62232286564273 -0.0018791688278639862
40 84.96854105474506 -0.0018791688276934559
41 85.296732478381031 -0.0018791688277076668
42 85.608068463093858 -0.0018791688273381846
43 85.903622882175483 -0.001879168827494504
44 86.184382196857044 -0.0018791688272529194
45 86.45125426824869 -0.001879168827295552
46 86.705076113418912 -0.0018791688271818652
47 86.946620751388295 -0.0018791688272813412
48 87.17660326214498 -0.0018791688272244977
49 87.395686163013238 -0.0018791688273808171
50 87.604484191134773 -0.0018791688273666063
51 87.803568567785305 -0.0018791688271676543
52 87.993470809372184 -0.0018791688271534435
53 88.174686140771328 -0.0018791688270113349
54 88.347676558933202 -0.0018791688271676543
55 88.512873588161966 -0.0018791688273381846
56 88.670680762911161 -0.0018791688273808171
57 88.821475869234121 -0.0018791688275513474
58 88.965612972004408 -0.0018791688274802931
59 89.103424251571681 -0.0018791688274234497
60 89.235221670573452 -0.0018791688275087148
61 89.361298489073633 -0.0018791688274802931
62 89.481930644002048 -0.0018791688270539675
63 89.597378006968526 -0.0018791688271676543
64 89.707885532889421 -0.001879168827494504
65 89.813684310405591 -0.0018791688277502994
66 89.914992523843182 -0.0018791688278781971
67 90.012016335363199 -0.0018791688275513474
68 90.104950694990364 -0.0018791688275229257
69 90.193980085378058 -0.0018791688273666063
70 90.279279207409076 -0.0018791688275797691
71 90.361013612106419 -0.0018791688275229257
72 90.439340283732889 -0.0018791688274802931
73 90.514408178464663 -0.0018791688274376606
74 90.586358722578552 -0.0018791688274518714
75 90.655326273693504 -0.0018791688275229257
76 90.721438548260366 -0.001879168827395028
77 90.784817018182181 -0.0018791688274660823
78 90.845577279175032 -0.0018791688273523954
79 90.903829393224029 -0.00187916882759398
80 90.959678207279907 -0.001879168827494504
81 91.013223650123052 -0.0018791688275797691
82 91.064561009166297 -0.001879168827494504
83 91.11378118877937 -0.0018791688274376606
84 91.160970951591082 -0.0018791688274802931
85 91.206213144077751 -0.0018791688278213536
86 91.249586907640307 -0.0018791688278639862
87 91.29116787624622 -0.0018791688278071428
88 91.331028361630018 -0.0018791688277645102
89 91.369237526954038 -0.0018791688277787211
90 91.405861549744969 -0.0018791688279350405
91 91.440963774863008 -0.0018791688279066188
92 91.474604858185543 -0.0018791688278924079
93 91.506842901643452 -0.0018791688275797691
94 91.537733580182504 -0.0018791688277076668
95 91.567330261195181 -0.0018791688276934559
96 91.595684116909609 -0.001879168827494504
97 91.622844230199831 -0.0018791688273666063
98 91.648857694241926 -0.0018791688272813412
99 91.673769706413481 -0.0018791688273097629
100 91.697623656805533 -0.0018791688273097629
101 91.720461211690733 -0.0018791688271108109
102 91.742322392270964 -0.0018791688271534435
103 91.763245649008908 -0.0018791688271534435
104 91.783267931818187 -0.0018791688270966
105 91.802424756382592 -0.0018791688271676543
106 91.82075026684781 -0.0018791688271676543
107 91.838277295115873 -0.0018791688269544915
108 91.855037416960997 -0.0018791688267697504
109 91.871061005166482 -0.0018791688267413287
110 91.886377279871624 -0.0018791688267271178
111 91.901014356304756 -0.0018791688268550155
112 91.914999290068167 -0.0018791688268408047
113 91.928358120125907 -0.0018791688267271178
114 91.941115909637915 -0.0018791688266276418
115 91.953296784775148 -0.001879168826712907
116 91.964923971640047 -0.0018791688265565876
117 91.976019831402752 -0.0018791688263860573
118 91.986605893765343 -0.0018791688264571116
119 91.996702888856191 -0.0018791688262723705
120 92.006330777636336 -0.0018791688263576356
121 92.015508780921252 -0.0018791688260449968
122 92.024255407079238 -0.0018791688262865813
123 92.032588478499903 -0.0018791688263434247
124 92.040525156889387 -0.001879168826315003
125 92.048081967462196 -0.0018791688262013162
126 92.055274822092144 -0.0018791688259739425
127 92.062119041475384 -0.0018791688260307859
128 92.06862937636204 -0.0018791688260449968
129 92.074820027905304 -0.0018791688259170991
130 92.080704667170309 -0.0018791688256470929
131 92.086296453852825 -0.001879168825632882
132 92.091608054245683 -0.0018791688256755146
133 92.096651658489748 -0.0018791688257181471
134 92.101438997147667 -0.0018791688256897254
135 92.105981357135093 -0.0018791688255191952
136 92.110289597038403 -0.00187916882543393
137 92.114374161852098 -0.0018791688256044603
138 92.118245097164419 -0.0018791688255902494
139 92.121912062813053 -0.0018791688256755146
140 92.125384346044143 -0.0018791688256613037
141 92.128670874192451 -0.0018791688255618277
142 92.13178022690677 -0.0018791688254623518
143 92.134720647944448 -0.0018791688255191952
144 92.137500056551687 -0.0018791688254907735
145 92.140126058451855 -0.0018791688254765626
146 92.142605956457032 -0.001879168825533406
147 92.144946760722178 -0.0018791688254481409
148 92.147155198656137 -0.0018791688254765626
149 92.149237724506946 -0.001879168825732358
150 92.1512005286353 -0.0018791688257039363
151 92.153049546485946 -0.0018791688256613037
152 92.154790467276612 -0.0018791688255760386
153 92.156428742411549 -0.0018791688254907735
154 92.157969593632458 -0.0018791688253202432
155 92.159418020919304 -0.0018791688250786587
156 92.160778810147292 -0.0018791688250360261
157 92.162056540515479 -0.0018791688249223393
158 92.163255591749675 -0.0018791688250360261
159 92.164380151093937 -0.0018791688250218153
160 92.165434220093758 -0.0018791688250360261
161 92.166421621181726 -0.001879168825149713
162 92.167346004073252 -0.001879168825149713
163 92.168210851975331 -0.0018791688250786587
164 92.169019487618613 -0.0018791688250076044
165 92.16977507911615 -0.0018791688250928695
166 92.170480645657179 -0.0018791688251070804
167 92.171139063036222 -0.001879168825149713
168 92.171753069028284 -0.0018791688252776106
169 92.17232526861136 -0.0018791688252633998
170 92.172858139039434 -0.001879168825149713
171 92.173354034774178 -0.0018791688251212912
172 92.173815192274603 -0.0018791688254055083
173 92.174243734652833 -0.001879168825533406
174 92.174641676194881 -0.0018791688254481409
175 92.17501092675063 -0.0018791688254765626
176 92.175353296001489 -0.0018791688254197192
177 92.175670497598119 -0.0018791688257039363
178 92.175964153181539 -0.0018791688257749906
179 92.176235796282768 -0.0018791688256470929
180 92.176486876106338 -0.0018791688255760386
181 92.176718761199808 -0.0018791688255476169
182 92.176932743011818 -0.0018791688255191952
183 92.177130039338721 -0.0018791688255191952
184 92.177311797663535 -0.0018791688255902494
185 92.177479098390648 -0.0018791688255191952
186 92.177632957971468 -0.0018791688255476169
187 92.177774331933193 -0.0018791688255476169
188 92.177904117802939 -0.0018791688254481409
189 92.178023157933808 -0.0018791688255049843
190 92.178132242234298 -0.0018791688255191952
191 92.178232110801602 -0.0018791688254623518
192 92.178323456459481 -0.0018791688254481409
193 92.178406927206197 -0.0018791688253486649
194 92.178483128568004 -0.00187916882543393
195 92.178552625869472 -0.0018791688253344541
196 92.178615946409749 -0.001879168825149713
197 92.178673581556637 -0.001879168825149713
198 92.178725988756753 -0.0018791688251355021
199 92.178773593461827 -0.0018791688252491889
200 92.178816790976398 -0.0018791688250644478
201 92.178855948222335 -0.0018791688250076044
202 92.178891405432054 -0.0018791688249365501
203 92.178923477761757 -0.0018791688250928695
204 92.178952456834125 -0.0018791688252349781
205 92.178978612207487 -0.0018791688251781347
206 92.179002192776267 -0.0018791688250076044
207 92.179023428102013 -0.001879168824950761
208 92.179042529680927 -0.0018791688250076044
209 92.179059692146097 -0.0018791688248228633
210 92.179075094406315 -0.0018791688247091765
211 92.179088900726711 -0.0018791688247233873
212 92.179101261749921 -0.0018791688248370741
213 92.179112315463314 -0.0018791688245954896
214 92.179122188107272 -0.0018791688244960136
215 92.179130995036644 -0.0018791688245528571
216 92.179138841528527 -0.0018791688244960136
217 92.179145823541788 -0.0018791688246665439
218 92.179152028433222 -0.0018791688245244353
219 92.179157535623972 -0.0018791688246239113
220 92.179162417230216 -0.0018791688245102245
221 92.179166738645833 -0.0018791688246239113
222 92.179170559092512 -0.0018791688247944416
223 92.179173932130084 -0.0018791688250076044
224 92.179176906131588 -0.0018791688250928695
225 92.179179524726052 -0.0018791688248654959
226 92.179181827208012 -0.0018791688246665439
227 92.179183848920118 -0.0018791688246381222
228 92.179185621604077 -0.0018791688247375982
229 92.179187173727982 -0.0018791688247091765
230 92.179188530786092 -0.0018791688246381222
231 92.179189715575703 -0.0018791688246665439
232 92.179190748453593 -0.0018791688245670679
233 92.179191647568828 -0.0018791688245670679
234 92.179192429078284 -0.0018791688245386462
235 92.179193107343963 -0.0018791688245528571
236 92.179193695110698 -0.0018791688247375982
237 92.179194203674243 -0.001879168824652333
238 92.179194643026335 -0.0018791688248370741
239 92.179195021993735 -0.001879168824950761
240 92.179195348361802 -0.0018791688247802307
241 92.17919562898372 -0.001879168824751809
242 92.179195869884907 -0.0018791688248228633
243 92.179196076353051 -0.0018791688247233873
244 92.179196253020592 -0.001879168824751809
245 92.179196403940495 -0.0018791688245244353
246 92.179196532650693 -0.0018791688244533811
247 92.179196642235482 -0.0018791688245244353
248 92.179196735378909 -0.0018791688247660199
249 92.179196814412762 -0.0018791688248797067
250 92.179196881359488 -0.0018791688248797067
251 92.179196937969067 -0.0018791688247091765
252 92.179196985753578 -0.0018791688247091765
253 92.179197026017832 -0.0018791688246097005
254 92.179197059885126 -0.0018791688243965377
255 92.179197088320066 -0.0018791688245528571
256 92.179197112151257 -0.0018791688245244353
257 92.179197132088035 -0.0018791688244818028
258 92.179197148735128 -0.0018791688247660199
259 92.179197162610436 -0.0018791688247375982
260 92.179197174153472 -0.0018791688247802307
261 92.17919718373814 -0.0018791688248939176
262 92.179197191681624 -0.0018791688249223393
263 92.17919719825224 -0.001879168824950761
264 92.17919720367712 -0.0018791688248939176
265 92.179197208146718 -0.0018791688249933935
266 92.179197211822625 -0.0018791688249365501
267 92.179197214839263 -0.0018791688251212912
268 92.179197217310133 -0.0018791688253202432
269 92.17919721933005 -0.0018791688253912975
270 92.179197220978153 -0.0018791688253344541
271 92.179197222319573 -0.0018791688255476169
272 92.179197223409389 -0.001879168825533406
273 92.179197224293162 -0.0018791688254481409
274 92.179197225008124 -0.0018791688254055083
275 92.179197225585341 -0.0018791688253770866
276 92.179197226050107 -0.0018791688253628758
277 92.179197226424193 -0.0018791688252207672
278 92.179197226723986 -0.0018791688252491889
